bc.phenotype
0.76
-1.42
-0.25
-0.96
-0.35
0.4
-0.13
0.17
1.16
1.03
-0.04
0.24
-1.68
1.33
0.07
0.7
-0.18
0.09
-0.59
0.12
-0.76
-0.48
-0.85
0.78
1.43
-0.62
1.11
-0.98
-1.04
0.81
-0.71
-0.23
-1.38
0.24
-2.43
0.98
-0.49
-0.11
0.07
-0.97
1.36
-0.03
0.36
1.43
-0.33
-0.45
-1.16
-0.59
0.12
0.78
-0.69
0.58
-0.16
-0.95
0.08
1.61
-0.3
0.84
-0.67
-0.06
-0.46
1.42
-0.16
0.14
-0.58
-1.51
-1.33
-0.82
0.21
-2.18
-1.49
1.48
-0.24
0.3
-0.29
0.27
-0.97
2.3
0.44
1.05
-0.6
-0.06
0.39
0.46
0.06
-0.11
2.49
0.26
0.5
-1.19
-0.26
-0.93
-1.24
1.1
-0.69
-1.12
-0.74
-0.03
-0.08
-1.19
0.47
-1.11
-0.51
-0.56
-0.16
-0.82
0.52
1.76
1.12
1.01
0.2
-0.61
0.12
0.48
-0.06
-0.85
-0.57
0.97
0.51
-0.39
0.16
-0.64
-2.51
-0.48
0.79
1.05
-1.51
-0.56
0.01
-0.08
0.23
-0.29
-0.18
0.01
0.09
1.71
-0.9
0.08
0.87
-0.6
0.35
-0.57
0.75
-0.6
-0.72
0.11
-0.53
-0.44
-0.17
0.28
