f2.phenotype
1.65
-0.34
-0.69
0.79
-1.79
-0.68
-1.32
2.98
-0.23
-0.57
0.26
-0.3
-1.5
0.8
-0.87
0.49
-0.32
-0.19
-2.03
-0.09
-0.32
-0.29
0.17
-1.29
-2.19
-0.71
-0.81
0.88
-0.96
1.02
0.55
-0.36
0.17
-0.8
0.75
-1.5
1.1
-1.42
0.37
-0.44
-0.78
-0.84
0.25
-0.11
0.72
0.78
0.45
-2.34
0.18
0.64
-0.54
-1.8
-0.22
1.05
-1.46
-0.24
-0.14
1
0.1
0.81
-1.2
0.18
0.43
1.97
-0.08
-1.01
-1.04
-1.2
0.21
0.22
-0.24
3.07
1.84
0.82
-1.45
-0
-0.35
1.34
-0.3
-0.85
0.18
2.03
-1.55
-0.21
1.65
-0.85
1.94
1.28
0.17
1.24
0.55
-1.37
-0.11
0.02
1.34
0.73
-0.24
-0.08
0.05
1.44
0.52
0.17
0.53
-0.64
-0.01
-0.18
-0.81
-0.35
-0.8
-1.03
1.13
0.18
1.05
0.82
0.74
-0.18
-0.43
0.29
-1.93
-0.12
0.12
-1.78
0.76
-0.53
-0
-1.6
0.51
-1.15
-2.09
0.12
1.03
-0.68
-0.81
-1.58
-0.32
-1.09
-0.18
0.66
0.26
-0.96
1.45
1.95
2.46
-1.21
-1.39
0.26
-1
0.14
-0.74
-0.11
